0
0
-0.178571
-0.16055
-0.125
-0.0766423
-0.0428571
-0.0545113
-0.143478
-0.25
-0.402344
-0.60625
-0.986842
-1.05
-0.423077
-0.480769
-0.425532
-0.336806
-0.260204
-0.20122
-0.152397
-0.109756
-0.0805085
-0.0631579
-0.048995
-0.0374396
-0.0269953
-0.0162037
-0.0137615
-0.0199531
-0.0477941
-0.081117
-0.11756
-0.151724
-0.170732
-0.158019
-0.105263
-0.0558511
-0.0661765
-0.107456
-0.116412
-0.0976027
-0.0608974
-0.0330189
-0.0340909
-0.0892857
-0.134146
-0.171429
-0.197674
-0.179054
-0.136719
-0.0655738
-0.0204918
-0.031746
-0.0522388
-0.0528169
-0.0371622
-0.0266667
-0.0288462
-0.03125
-0.0391566
-0.0568182
-0.0710526
-0.0776699
-0.0825893
-0.0914634
-0.0948905
-0.09
-0.0823171
-0.0720339
-0.0598404
-0.0429293
-0.0199005
-0.00746269
-0.0176768
-0.0355263
-0.0453297
-0.0462428
-0.0389222
-0.0246914
-0.0108025
-0.0106707
-0.0164671
-0.0191176
-0.0186782
-0.0127841
-0.00564972
-0.00282486
-0.00568182
-0.00862069
-0.0101156
-0.0147059
-0.0209581
-0.029321
-0.0448718
-0.0724138
-0.10687
-0.14693
-0.189474
-0.217949
-0.22619
-0.169811
-0.0865385
-0.116379
-0.199324
-0.223684
-0.213115
-0.183775
-0.149718
-0.118812
-0.0923423
-0.0700837
-0.0515873
-0.0344828
-0.0178571
-0.00657895
-0.00757576
-0.0163462
-0.0237154
-0.0273279
-0.0292887
-0.027897
-0.0264317
-0.0294118
-0.0352113
-0.0402439
-0.0471939
-0.0567568
-0.0603448
-0.0575758
-0.0512821
-0.031457
-0.0115894
-0.0163399
-0.0345912
-0.0419162
-0.0346821
-0.019774
-0.0112994
-0.0187861
-0.0327381
-0.0375
-0.0254777
-0.0188679
-0.0505952
-0.0769231
-0.0870647
-0.0787671
-0.054721
-0.0315126
-0.0280172
-0.0821596
-0.136364
-0.185897
-0.212891
-0.198113
-0.12234
-0.0611702
-0.0880952
-0.120833
-0.114964
-0.0827815
-0.0432692
-0.0261438
-0.0739437
-0.13
-0.185714
-0.235119
-0.257463
-0.254717
-0.232955
-0.235714
-0.267241
-0.473684
-1.19444
3.125
0.763889
0.414063
0.25
0.135
0.0769231
0.0904255
0.263158
0.77381
-22.25
-0.948276
-0.516393
-0.352632
-0.265504
-0.202744
-0.150259
-0.106481
-0.0697425
-0.0363071
-0.0164609
-0.0156904
-0.0336957
-0.0429864
-0.05
-0.0527638
-0.0460526
-0.0353261
-0.0265363
-0.015625
-0.00568182
-0.00564972
-0.00977654
-0.00706215
-0.0258621
-0.0594512
-0.10473
-0.160156
-0.245098
-0.368243
-0.569149
-1.10227
-9.875
1.125
0.361111
0.194444
0.75
-3.6875
-0.787037
-0.485577
-0.325
-0.220874
-0.135417
-0.0761719
-0.0512295
-0.154762
-0.303125
-0.57
-1.30952
21.75
0.883333
0.347222
0.365385
12
-1.01389
-0.536585
-0.363281
-0.261364
-0.197248
-0.151163
-0.119863
-0.0941358
-0.0689655
-0.0467033
-0.0292553
-0.0171053
-0.013369
-0.0359116
-0.0602941
-0.0859873
-0.114286
-0.144309
-0.184466
-0.223214
-0.261194
-0.325
-0.395833
-0.510417
-0.807692
-1.55
-4.5
2.25
0.75
0.375
0.45
0.425
0.390625
0.291667
0.208333
0.135714
0.117188
0.465909
4.4375
-1.17857
-0.572115
-0.375
-0.258696
-0.175
-0.105096
-0.0533537
-0.0296875
-0.0844595
-0.166667
-0.288265
-0.563492
-2.28947
1.65625
0.673469
0.456704
0.358813
0.298367
0.254682
0.220845
0.192782
0.168537
0.146179
0.125272
0.105058
0.0841731
0.0619444
0.038
0.0200316
0.0179721
0.0507328
0.0892747
0.136364
0.198992
0.293573
0.4644
0.919505
8.92969
-1.12004
-0.466092
-0.2338
-0.1084
-0.0656355
-0.19596
-0.436765
-1.09748
8.02273
0.859459
0.405255
0.221393
0.115342
0.0519068
0.025378
0.0603448
0.1
0.139855
0.177226
0.208506
0.232051
0.235669
0.204198
0.144737
0.0671296
0.0231481
0.0357143
0.0583333
0.0585938
0.0429104
0.0218978
0.0127737
0.0300752
0.062
0.0964912
0.135
0.167647
0.173611
0.134921
0.075
0.0436508
0.109155
0.13253
0.128947
0.106481
0.0689655
0.0294118
0.012605
0.0237069
0.036036
0.025463
0.0138889
0.027027
0.0491453
0.06
0.056391
0.0377698
0.0214286
0.03125
0.0753968
0.122768
0.181579
0.280405
0.46
0.851852
4.1
-1.575
-0.464286
-0.276316
-1.22222
1.61538
0.674419
0.418831
0.275463
0.164122
0.0803571
0.0477941
0.136555
0.271739
0.444444
0.694444
0.894737
0.708333
0.3
0.384615
0.347561
0.267544
0.18662
0.115625
0.0647059
0.03125
0.0170455
0.0274725
0.05
0.0703883
0.0825893
0.0752033
0.0523256
0.0338346
0.0271318
0.0840336
0.143204
0.188953
0.200704
0.143443
0.0860656
0.142361
0.206044
0.205128
0.174296
0.128788
0.075419
0.0357143
0.0326705
0.0787037
0.112069
0.123047
0.0991379
0.0518018
0.0290179
0.0520833
0.0585938
0.0410448
0.03125
0.0465116
0.106838
0.178571
0.24359
0.282787
0.298913
0.217105
0.118056
0.103659
0.17
0.172131
0.145833
0.114198
0.0758427
0.0384615
0.0224719
0.0753012
0.149306
0.263158
0.480263
1.05556
16.75
-1.02083
-0.375
-0.203125
-0.833333
2.55
0.714286
0.378571
0.193182
0.125
0.229167
0.714286
19.5
-1.03409
-0.505319
-0.318841
-0.198864
-0.117347
-0.0619048
-0.038835
-0.0984043
-0.217532
-0.429245
-0.962963
27.5
0.948276
0.463636
0.275974
0.171196
0.0970874
0.0471698
0.026699
0.0868421
0.16358
0.257812
0.391304
0.675926
1.6
-11.75
-0.833333
-0.354167
-0.277778
-3
1.6
0.625
0.388889
0.256944
0.170455
0.0918367
0.0510204
0.102273
0.229167
0.489583
1.66667
-1.88889
-0.644231
-0.371951
-0.236364
-0.144531
-0.0797101
-0.0606061
-0.190909
-0.460526
-1.84615
1.8125
0.632653
0.371795
0.23301
0.139583
0.0703125
0.042
0.104911
0.191489
0.31338
0.527174
1.06818
20.75
-1.07813
-0.441667
-0.210526
-0.10625
-0.114286
-0.305556
-0.75
-5.625
1.75
0.5
0.21875
0.046875
0.03125
0.111111
0.261364
0.342857
0.34434
0.288961
0.2225
0.147059
0.078125
0.05
0.144495
0.320988
0.642857
2.13333
-2.09615
-0.5625
-0.236842
-0.151515
-0.697368
18.75
0.977273
0.472826
0.285156
0.168831
0.0911765
0.0481928
0.116667
0.275862
0.604167
2.5
-1.60938
-0.597561
-0.321429
-0.17
-0.084375
-0.0566667
-0.190476
-0.414773
-1.07143
6.3125
0.828125
0.442982
0.275
0.170103
0.0896226
0.0504587
0.0588235
0.148876
0.271739
0.452128
0.817308
3.9
-1.625
-0.572917
-0.333333
-0.233696
-0.184211
-0.152985
-0.133117
-0.110795
-0.0842105
-0.0588235
-0.0357143
-0.0218447
-0.056701
-0.0786517
-0.0783133
-0.0584416
-0.0324675
-0.0648148
-0.125
-0.155405
-0.159774
-0.149682
-0.131215
-0.110294
-0.0892857
-0.0653527
-0.04
-0.0205882
-0.013834
-0.0358607
-0.0633188
-0.0892857
-0.107713
-0.110294
-0.102941
-0.0774648
-0.0437956
-0.0232143
-0.0523649
-0.0765625
-0.0918079
-0.0918367
-0.0821596
-0.0695652
-0.0483539
-0.0222672
-0.0172764
-0.0515021
-0.0978774
-0.149457
-0.211921
-0.286325
-0.377976
-0.486842
-0.69697
-1.09375
-2.875
5.5
2
-1.75
-0.7
-0.513158
-0.382812
-0.298913
-0.225
-0.180556
-0.148256
-0.123711
-0.110092
-0.102459
-0.0914179
-0.0839041
-0.077044
-0.0573529
-0.0272989
-0.0186782
-0.0560606
-0.135274
-0.287281
-0.738636
68
0.989011
0.553922
0.399265
0.314257
0.255208
0.209507
0.171996
0.139767
0.111521
0.0864218
0.0634069
0.0416918
0.020858
0.0106572
0.0226998
0.0472416
0.0750341
0.108088
0.15135
0.211152
0.30062
0.460101
0.850564
4.21
-1.36641
-0.502788
-0.237252
-0.10733
-0.0631944
-0.196309
-0.404762
-0.909722
-14.0714
1.08434
0.475309
0.273649
0.163534
0.0890411
0.0416667
0.0239726
0.0735294
0.128125
0.189055
0.259434
0.352564
0.503205
0.884146
3.58333
-1.48684
-0.573864
-0.335821
-0.223837
-0.14951
-0.0915179
-0.0470085
-0.026087
-0.0671296
-0.131579
-0.214744
-0.331897
-0.526316
-1.05556
-7.875
1.25
0.484375
0.272727
0.203704
0.189394
0.189024
0.18
0.15
0.108209
0.0694444
0.057971
0.185345
0.44375
1.4375
-2.55
-0.708333
-0.370833
-0.206667
-0.0963855
-0.0386905
-0.0277778
-0.0422078
-0.0333333
-0.025974
-0.0753012
-0.111702
-0.118056
-0.102083
-0.0763359
-0.0456204
-0.028777
-0.0432331
-0.102083
-0.167476
-0.262346
-0.416667
-0.757813
-2.36111
2.9
0.791667
4.5
-1.13095
-0.625
-0.440367
-0.320122
-0.22907
-0.15098
-0.0827338
-0.0396127
-0.0328467
-0.0813492
-0.118304
-0.135204
-0.123563
-0.084375
-0.0416667
-0.0234375
-0.0628655
-0.0851064
-0.089372
-0.0818584
-0.0668724
-0.0431373
-0.0222868
-0.0237154
-0.0667373
-0.112028
-0.157967
-0.193709
-0.188492
-0.120536
-0.0608108
-0.0860656
-0.134615
-0.133234
-0.100267
-0.0568182
-0.0384615
-0.0980114
-0.182432
-0.267391
-0.322674
-0.280303
-0.168033
-0.138889
-0.239474
-0.246124
-0.207576
-0.158163
-0.111486
-0.0693277
-0.0325203
-0.0101626
-0.00717213
-0.0103734
-0.0083682
-0.00420168
-0.00315126
-0.0116525
-0.0327511
-0.0662791
-0.111399
-0.162121
-0.209559
-0.247685
-0.235465
-0.13961
-0.08125
-0.162371
-0.207317
-0.198718
-0.166223
-0.123843
-0.0797872
-0.039959
-0.0182927
-0.0176349
-0.0366379
-0.0441176
-0.0387324
-0.0301932
-0.0210396
-0.011194
-0.00628141
-0.00502513
-0.00621891
-0.0111386
-0.0205314
-0.0328638
-0.0479911
-0.0648536
-0.0740385
-0.0705357
-0.0587248
-0.0408654
-0.0252366
-0.0250809
-0.0683391
-0.11531
-0.162896
-0.201923
-0.208333
-0.169922
-0.0982906
-0.0441176
-0.0697674
-0.0891608
-0.0737179
-0.0416667
-0.0234375
-0.0562914
-0.0930657
-0.109756
-0.103604
-0.0728155
-0.0404762
-0.0745614
-0.107422
-0.121575
-0.115269
-0.0951087
-0.0753769
-0.0566038
-0.0388128
-0.0265487
-0.0152838
-0.00543478
-0.00108696
-0
-0.00326087
-0.00991189
-0.0133929
-0.0169683
-0.0255814
-0.0324519
-0.0360697
-0.0440415
-0.0576923
-0.0705882
-0.0796178
-0.0793103
-0.0698529
-0.0527344
-0.0297619
-0.0232558
-0.0583942
-0.08
-0.0853659
-0.0768156
-0.0592105
-0.0378788
-0.0236318
-0.0191327
-0.0465426
-0.0761494
-0.105096
-0.134892
-0.175214
-0.21134
-0.246753
-0.270492
-0.271277
-0.2
-0.118056
-0.0592105
-0.110465
-0.135
-0.133621
-0.121212
-0.0945946
-0.0576923
-0.034375
-0.0324675
-0.0985915
-0.198276
-0.318182
-0.491379
-0.75
-0.75
-0.472222
-0.539474
-0.50625
-0.405797
-0.316176
-0.242647
-0.178144
-0.121053
-0.0743902
-0.0399061
-0.0196759
-0.00704225
-0.0166667
-0.0170732
-0.0110294
-0.00618812
-0.00618812
-0.0109756
-0.0168269
-0.0187793
-0.0185185
-0.0180995
-0.0145089
-0.00884956
-0.00550661
-0.00553097
-0.0168919
-0.0289352
-0.0422705
-0.0586735
-0.0801105
-0.106707
-0.143357
-0.1875
-0.244845
-0.359155
-0.602273
-1.41667
4.65
0.740385
0.309211
0.1625
0.358333
4.7
-1.19828
-0.596667
-0.396484
-0.27933
-0.198661
-0.140805
-0.0925606
-0.0511551
-0.0218447
-0.0105519
-0.0199336
-0.0316781
-0.0392857
-0.0427509
-0.0437743
-0.0404858
-0.0345188
-0.0290948
-0.0253304
-0.0294118
-0.0448113
-0.0744949
-0.122159
-0.192568
-0.308036
-0.516892
-1.16667
33.75
0.925926
0.347561
0.164773
0.242857
1.0625
-4.3
-0.8
-0.445455
-0.298077
-0.2175
-0.175
-0.153169
-0.145455
-0.139896
-0.131757
-0.117589
-0.0987544
-0.0745902
-0.046875
-0.0253067
-0.015625
-0.0457516
-0.0739437
-0.0968992
-0.109914
-0.114183
-0.109626
-0.0950292
-0.0707547
-0.0373377
-0.0179739
-0.022293
-0.0411585
-0.0491329
-0.0453297
-0.0319149
-0.0209424
-0.0240642
-0.0732759
-0.140523
-0.256148
-0.51875
-1.76724
1.92969
0.693396
0.451571
0.344178
0.28317
0.24162
0.211087
0.185263
0.161089
0.138435
0.116856
0.0949692
0.0729233
0.050631
0.0271771
0.0162661
0.0400426
0.0861442
0.149049
0.241943
0.396804
0.740632
2.67763
-1.69268
-0.560959
-0.265594
-0.114828
-0.0529466
-0.110537
-0.206658
-0.315
-0.46201
-0.732906
-1.64205
4.79167
0.780702
0.36236
0.190367
0.0875
0.0354167
0.0504386
0.101942
0.148876
0.19
0.25
0.363636
0.601852
1.33333
-3.4
-0.770833
-0.436047
-0.295082
-0.211538
-0.157609
-0.109524
-0.0563063
-0.027027
-0.0595238
-0.144022
-0.292254
-0.656977
-4.96429
1.19531
0.524648
0.303398
0.16
0.0872093
0.129386
0.401235
1.48438
-2.13889
-0.684066
-0.397059
-0.260817
-0.177866
-0.118056
-0.0711974
-0.0351563
-0.0178571
-0.0238854
-0.0511745
-0.0776173
-0.10743
-0.135845
-0.160904
-0.187107
-0.224806
-0.264706
-0.298077
-0.316667
-0.346591
-0.318182
-0.181034
-0.101852
-0.1
-0.197368
-0.214286
-0.209016
-0.191558
-0.168478
-0.136574
-0.10625
-0.0763359
-0.0474453
-0.0232143
-0.0161871
-0.0394737
-0.064
-0.0869565
-0.11165
-0.142857
-0.193333
-0.254098
-0.401163
-0.791667
-4.9375
1.23438
0.521429
0.28
-1.53409
-0.615079
-0.367647
-0.229323
-0.131494
-0.0601852
-0.028125
-0.06
-0.09375
-0.0995935
-0.0745614
-0.036036
-0.0223214
-0.0462185
-0.0555556
-0.0451128
-0.0275735
-0.016791
-0.0527344
-0.106522
-0.173469
-0.272727
-0.466346
-0.980769
-24
1.06579
0.407143
0.20625
0.19697
1
-3.35714
-0.776316
-0.433099
-0.265464
-0.152174
-0.0711382
-0.0430328
-0.103211
-0.200549
-0.343284
-0.621951
-1.7
2.63889
0.666667
0.323864
0.153846
0.085
0.22561
0.6875
22
-1.05208
-0.524038
-0.34375
-0.235849
-0.162698
-0.107394
-0.0562914
-0.0248344
-0.0482759
-0.114341
-0.19213
-0.289157
-0.422414
-0.642857
-1.14062
-3
6.75
-1.0625
-0.828125
-0.55625
-0.431159
-0.334906
-0.262069
-0.196429
-0.135613
-0.0771739
-0.0414894
-0.0435268
-0.107673
-0.180882
-0.266917
-0.358247
-0.44403
-0.511364
-0.458333
-0.269231
-0.171875
-0.298913
-0.313433
-0.284211
-0.240079
-0.19586
-0.15508
-0.112028
-0.0671806
-0.0321888
-0.0195652
-0.0573394
-0.114103
-0.1875
-0.291667
-0.465116
-0.903409
-3.86111
1.43056
0.445313
0.241667
0.983333
-2.20833
-0.719388
-0.432584
-0.287698
-0.192675
-0.121508
-0.0602094
-0.0274869
-0.0494505
-0.109756
-0.187956
-0.278302
-0.376623
-0.505
-0.53125
-0.361111
-0.256579
-0.370833
-0.337766
-0.276718
-0.209821
-0.147727
-0.0905963
-0.0418502
-0.0220264
-0.0451389
-0.0816583
-0.110335
-0.138535
-0.164179
-0.179825
-0.192105
-0.1875
-0.155797
-0.103175
-0.05
-0.0125
-0.00416667
-0.0163934
-0.0277778
-0.0204918
-0.0603448
-0.110577
-0.1875
-0.318182
-0.559524
-1.30556
5.625
0.75
0.302632
0.171053
0.583333
-7.125
-0.875
-0.52
-0.35625
-0.259259
-0.190299
-0.139423
-0.0968208
-0.0584239
-0.025266
-0.0106383
-0.0244565
-0.0517241
-0.0740741
-0.0929054
-0.112782
-0.130342
-0.135922
-0.126374
-0.10241
-0.0714286
-0.0333333
-0.0233333
-0.05625
-0.0852273
-0.0953608
-0.0972222
-0.0882353
-0.0742187
-0.060219
-0.041958
-0.0273973
-0.0183333
-0.00833333
-0.00827815
-0.0162338
-0.022293
-0.0277778
-0.0284431
-0.0219298
-0.0144509
-0.00877193
-0.0299401
-0.0573248
-0.0827586
-0.103053
-0.115385
-0.116667
-0.111702
-0.0930233
-0.0648148
-0.0352564
-0.00961538
-0.00961538
-0.0246914
-0.0301205
-0.0290698
-0.0198864
-0.0113636
-0.0261628
-0.0493827
-0.0616883
-0.0739437
-0.0719697
-0.0515873
-0.0409836
-0.046875
-0.104167
-0.13253
-0.14433
-0.14693
-0.137218
-0.119205
-0.0982143
-0.0728022
-0.0407895
-0.0248691
-0.0480769
-0.109756
-0.189781
-0.295238
-0.440972
-0.651163
-0.886364
-0.65
-0.315789
-0.4375
-0.389344
-0.311798
-0.235294
-0.173077
-0.118902
-0.0752841
-0.0380435
-0.0149457
-0.0179558
-0.0373563
-0.0560606
-0.0751634
-0.0892857
-0.0976562
-0.108696
-0.123786
-0.162921
-0.274648
-0.674419
-42
1.05909
0.58209
0.419181
0.328035
0.265823
0.218339
0.18035
0.148857
0.121615
0.0983273
0.0776436
0.0586275
0.0407588
0.0231278
0.0124088
0.0153818
0.0390385
0.0688734
0.106785
0.155954
0.22445
0.327586
0.50589
0.914141
3.875
-1.48125
-0.485577
-0.192513
-0.0925414
-0.236207
-0.645349
-3.72222
1.30455
0.558594
0.338462
0.224206
0.148148
0.0912577
0.0453216
0.0218659
0.0339879
0.066343
0.0918728
0.113636
0.129464
0.137755
0.135838
0.129085
0.114964
0.0833333
0.045082
0.0273109
0.0280172
0.0401786
0.0761905
0.156593
0.304348
0.604651
2.21154
-1.84375
-0.619565
-0.341549
-0.193182
-0.103093
-0.0465686
-0.0245098
-0.0386598
-0.0570652
-0.0668605
-0.075
-0.0844595
-0.0970149
-0.114754
-0.158654
-0.232558
-0.416667
-0.983333
17
0.931818
0.527174
0.364865
0.269608
0.195313
0.130068
0.0676101
0.0390625
0.0777027
0.178
0.316489
0.554167
1.24038
-27
-0.904762
-0.341667
-0.159091
-0.185185
-0.65625
-6.375
1.3
0.541667
0.333333
0.206522
0.110577
0.0424528
0.0288462
0.0797872
0.0872093
0.0792683
0.103261
0.210526
0.25641
0.247619
0.205224
0.146226
0.0780347
0.0474138
0.0987261
0.224609
0.428977
0.869565
3.35
-2.025
-0.716667
-5.625
1.10227
0.568966
0.364362
0.231707
0.138112
0.0702614
0.0433333
0.106343
0.198661
0.334337
0.596154
1.61842
-3.82143
-0.681034
-0.276316
-0.159722
-0.602273
22.75
0.90625
0.460317
0.255814
0.123711
0.0797872
0.23
0.569149
2.03333
-1.88333
-0.569444
-0.23913
-0.122093
-0.328125
-1.01667
15
0.854167
0.333333
0.270833
4.25
-1.13889
-0.486111
-0.21875
-0.125
-0.319444
-1.42857
2.4
0.652778
0.333333
0.148438
0.0546875
0.0666667
0.115385
0.104167
0.113636
0.0865385
0.12069
0.0984848
0.0785714
0.117188
0.5
4.1875
-1.23611
-0.565217
-0.354167
-0.223404
-0.125
-0.0580357
-0.0462963
-0.154891
-0.302817
-0.622093
-2.28846
1.66667
0.608696
0.334507
0.184659
0.0904255
0.0589888
0.209459
0.531915
1.84375
-2.25
-0.634146
-0.3125
-0.134058
-0.0652174
-0.129167
-0.260638
-0.401515
-0.559524
-0.6875
-0.444444
-0.2
-0.3
-0.340909
-0.30303
-0.25
-0.2
-0.155303
-0.101351
-0.0519481
-0.0233333
-0.0739437
-0.154167
-0.239796
-0.357143
-0.489583
-0.788462
-1.65
6.5
1.03571
0.597222
0.492424
0.390351
0.307229
0.233945
0.157895
0.0874126
0.0656934
0.231982
0.670455
11.75
-1.04365
-0.501938
-0.303191
-0.185345
-0.098249
-0.0426136
-0.0213178
-0.0565844
-0.0803571
-0.0865854
-0.0732984
-0.0508242
-0.0282486
-0.0113636
-0.00706215
-0.0179558
-0.0202703
-0.0159574
-0.00921053
-0.00526316
-0.0132979
-0.0302198
-0.0517241
-0.084375
-0.132042
-0.211538
-0.357558
-0.7
-2.76923
1.58333
0.535714
0.230469
0.146825
0.493902
7
-1.07317
-0.511236
-0.290698
-0.140728
-0.0766667
-0.180556
-0.464286
-1.27083
4.72222
0.75
0.309091
0.228723
1.5
-1.70833
-0.656667
-0.402344
-0.272599
-0.192922
-0.140196
-0.106514
-0.0836013
-0.0685241
-0.0600282
-0.052139
-0.0384615
-0.0201005
-0.0119347
-0.0284238
-0.060274
-0.0963855
-0.130993
-0.155754
-0.165116
-0.149733
-0.104167
-0.0472561
-0.0252976
-0.0649171
-0.0782828
-0.0715962
-0.0572687
-0.0413136
-0.0236626
-0.0113169
-0.0125523
-0.0212766
-0.0286344
-0.0294118
-0.0267442
-0.0214286
-0.015625
-0.0153302
-0.033105
-0.0456522
-0.0483539
-0.0405138
-0.0268199
-0.0161597
-0.0164729
-0.0371486
-0.056383
-0.0650685
-0.0504808
-0.0281863
-0.0180288
-0.0513699
-0.0745798
-0.0798077
-0.0714286
-0.0562081
-0.0364078
-0.0183121
-0.00961538
-0.0221311
-0.0382653
-0.0521583
-0.0589354
-0.062753
-0.0635776
-0.0547945
-0.0400943
-0.0268293
-0.0147059
-0.0157005
-0.0325581
-0.0446429
-0.0535714
-0.0555556
-0.0507519
-0.0440647
-0.0363322
-0.0252525
-0.0158333
-0.0135593
-0.0340909
-0.0518519
-0.0588235
-0.0539419
-0.0366379
-0.0228261
-0.0346639
-0.0651751
-0.0755396
-0.0714286
-0.0546875
-0.0288754
-0.0167683
-0.0373016
-0.0644068
-0.0790441
-0.0763889
-0.0535714
-0.0255319
-0.0188285
-0.0406746
-0.039924
-0.0268519
-0.0253759
-0.0843496
-0.195652
-0.442308
-1.53509
1.98684
0.709184
0.451389
0.334254
0.261502
0.209178
0.168069
0.133614
0.102195
0.0716783
0.0406516
0.022494
0.0336658
0.0847429
0.151639
0.247314
0.408934
0.779229
3.34341
-1.47283
-0.541155
-0.280423
-0.143182
-0.0632225
-0.0344955
-0.093801
-0.16826
-0.262743
-0.408935
-0.714286
-2.01818
2.34375
0.638393
0.295597
0.131215
0.0527027
0.0397727
0.0787037
0.0912162
0.09375
0.107724
0.150463
0.267442
0.622642
4.91667
-1.17021
-0.567568
-0.365922
-0.252075
-0.171233
-0.10747
-0.0520231
-0.0231214
-0.0406627
-0.0800654
-0.117701
-0.156383
-0.185606
-0.202744
-0.196691
-0.140756
-0.0767544
-0.0655738
-0.145105
-0.178977
-0.172093
-0.140873
-0.102313
-0.0614618
-0.0310458
-0.0243289
-0.0642857
-0.106151
-0.143836
-0.173797
-0.206169
-0.228
-0.227941
-0.202381
-0.12
-0.05
-0.0771605
-0.130319
-0.150901
-0.141221
-0.118243
-0.0884146
-0.0549133
-0.0268362
-0.0153631
-0.0127841
-0.0277778
-0.0378788
-0.0493631
-0.0591216
-0.0719424
-0.0992063
-0.13964
-0.201087
-0.288732
-0.405
-0.53125
-0.5
-0.342105
-0.358333
-0.424528
-0.372093
-0.302
-0.236364
-0.175743
-0.121739
-0.0742972
-0.0379377
-0.0167984
-0.0379098
-0.0633188
-0.0869048
-0.102632
-0.111111
-0.117647
-0.125
-0.127083
-0.118056
-0.108247
-0.0983146
-0.0864198
-0.0714286
-0.0809859
-0.101563
-0.107759
-0.115385
-0.11413
-0.0813953
-0.0609756
-0.0568182
-0.14
-0.186508
-0.208333
-0.21
-0.202
-0.185065
-0.164865
-0.142361
-0.115854
-0.0845725
-0.0510563
-0.0268166
-0.020318
-0.0571161
-0.0901639
-0.116972
-0.138743
-0.15
-0.143103
-0.132813
-0.118421
-0.0928571
-0.0688776
-0.0478723
-0.0274725
-0.010989
-0.013587
-0.0394737
-0.0752427
-0.1
-0.110465
-0.113014
-0.106707
-0.0925414
-0.0739796
-0.0543478
-0.0325581
-0.0162037
-0.0212264
-0.0534826
-0.0910326
-0.132716
-0.177007
-0.207589
-0.178191
-0.110795
-0.0979381
-0.215447
-0.258929
-0.246681
-0.208333
-0.161127
-0.112532
-0.0644391
-0.0328638
-0.0309466
-0.0746073
-0.113304
-0.146465
-0.170949
-0.187793
-0.194915
-0.178808
-0.146947
-0.0979167
-0.0543478
-0.0294118
-0.0664063
-0.0839286
-0.0876623
-0.0818452
-0.0690608
-0.0536649
-0.0364322
-0.0173267
-0.00742574
-0.0150754
-0.0272021
-0.0307487
-0.0247253
-0.0190217
-0.0518135
-0.0962441
-0.130081
-0.143229
-0.138393
-0.121094
-0.0956573
-0.0650985
-0.0323093
-0.0137712
-0.0227766
-0.0419501
-0.0526316
-0.0530303
-0.0461741
-0.0369863
-0.0301966
-0.0318841
-0.0414157
-0.0597134
-0.0876736
-0.117704
-0.142857
-0.156736
-0.14521
-0.0915033
-0.044702
-0.059375
-0.114011
-0.134434
-0.131148
-0.120504
-0.105769
-0.0869883
-0.0667575
-0.0467532
-0.0290404
-0.0149254
-0.0074813
-0.0151899
-0.0273438
-0.0358108
-0.0386236
-0.037172
-0.0331325
-0.0270898
-0.0212934
-0.0192926
-0.0188525
-0.02
-0.0248288
-0.0299296
-0.0355839
-0.0437262
-0.0552209
-0.0675966
-0.0787037
-0.0883838
-0.0953039
-0.0990854
-0.0933333
-0.0755396
-0.0526316
-0.0351562
-0.0178571
-0.00793651
-0.00976563
-0.0116279
-0.0152672
-0.0242537
-0.0359712
-0.0547945
-0.0786164
-0.0951705
-0.104592
-0.108597
-0.106275
-0.0972727
-0.0816667
-0.0632812
-0.047619
-0.033046
-0.0204802
-0.0118384
-0.00486111
-0.00138889
-0.00278552
-0.00420168
-0.00491573
-0.00849858
-0.012931
-0.0153061
-0.018546
-0.0220365
-0.0248447
-0.0288462
-0.0321782
-0.0359589
-0.0391459
-0.037037
-0.0285171
-0.0164729
-0.00775194
-0.01341
-0.027881
-0.0375
-0.0410959
-0.0385246
-0.0286624
-0.015674
-0.00625
-0.0039185
-0.00793651
-0.00477707
-0.00318471
-0.0118297
-0.023773
-0.030506
-0.0308908
-0.0259104
-0.0164835
-0.010274
-0.0153203
-0.0316092
-0.0459337
-0.0565287
-0.0618644
-0.0629496
-0.0603448
-0.0522088
-0.0420168
-0.0269397
-0.0130435
-0.00646552
-0.0190678
-0.0297131
-0.0385375
-0.0432331
-0.0415162
-0.0373264
-0.0327181
-0.0261438
-0.0184295
-0.00952381
-0.0031746
-0.00557325
-0.013754
-0.0189769
-0.020202
-0.0180412
-0.0121528
-0.00611888
-0.00611888
-0.0120275
-0.0152542
-0.0158333
-0.0147541
-0.00892857
-0.00405844
-0.00571895
-0.00907591
-0.01
-0.010101
-0.0102041
-0.00773196
-0.00257732
-0.00257732
-0.00765306
-0.0109428
-0.013289
-0.0138889
-0.00970874
-0.00811688
-0.0249169
-0.0541958
-0.0977011
-0.167411
-0.299133
-0.65
-4.5
1.24096
0.592683
0.403623
0.307
0.246235
0.202994
0.169067
0.140452
0.114646
0.0898357
0.0653355
0.0401102
0.021148
0.0176706
0.0520699
0.092645
0.144737
0.220297
0.345461
0.617137
1.84844
-2.16729
-0.652882
-0.343344
-0.188976
-0.0892642
-0.0467405
-0.111951
-0.22619
-0.38658
-0.701844
-2.01875
2.29098
0.650862
0.326923
0.179365
0.0891304
0.0417847
0.0360294
0.0954693
0.160714
0.251179
0.408333
0.792169
4.10938
-1.375
-0.555556
-0.333333
-0.222356
-0.15587
-0.105596
-0.0644068
-0.0327869
-0.0156766
-0.0331633
-0.0636364
-0.094246
-0.128378
-0.160995
-0.190625
-0.223282
-0.259709
-0.268519
-0.238636
-0.195455
-0.117347
-0.0510204
-0.0896226
-0.152344
-0.165584
-0.153846
-0.136792
-0.11875
-0.0951493
-0.0681818
-0.045
-0.0243506
-0.0113636
-0.0182119
-0.0325342
-0.0428571
-0.0507519
-0.047619
-0.0264228
-0.0121951
-0.031746
-0.0643382
-0.0810811
-0.0833333
-0.0767045
-0.0611702
-0.0395408
-0.0213568
-0.0140306
-0.0412234
-0.0681818
-0.096875
-0.125
-0.154472
-0.191748
-0.240964
-0.313492
-0.414773
-0.560345
-1.11538
-5.5
1.5
0.55
1.75
-1.28571
-0.693182
-0.477273
-0.355072
-0.273684
-0.211066
-0.155172
-0.104938
-0.0606936
-0.0355114
-0.046131
-0.125
-0.256303
-0.529221
-1.62069
2.30952
0.664179
0.334951
0.160569
0.0753968
0.100877
0.261236
0.49569
0.8125
0.534483
0.358696
0.22541
0.123188
0.0659722
0.0522388
0.120833
0.18
0.22561
0.273438
0.375
0.807692
13
-1.10938
-0.591463
-0.422535
-0.316038
-0.239286
-0.175439
-0.112821
-0.057598
-0.0326633
-0.092033
-0.168831
-0.245935
-0.32337
-0.390152
-0.429348
-0.401515
-0.298077
-0.215909
-0.25
-0.541667
-4.75
1.275
0.583333
0.380682
0.254167
0.166667
0.090625
0.0401235
0.0384615
0.0985915
0.191667
0.372093
0.78125
4.875
-1.26667
-0.537879
-0.316327
-0.196721
-0.119565
-0.0709459
-0.038961
-0.0320513
-0.0512048
-0.0702247
-0.0850515
-0.0949074
-0.0882353
-0.0625
-0.0343511
-0.0273438
-0.0854701
-0.151961
-0.240741
-0.354167
-0.552632
-0.973684
-2.65
6.5
3.5
-1.25
-0.692308
-0.495192
-0.375
-0.291667
-0.217949
-0.149457
-0.085396
-0.044686
-0.0441919
-0.119318
-0.206897
-0.321101
-0.493056
-0.7875
-1.65
8.625
0.8125
0.475
9.25
-1.0625
-0.579268
-0.387681
-0.273684
-0.186975
-0.110075
-0.0539568
-0.0317164
-0.0942623
-0.147619
-0.168539
-0.13141
-0.0666667
-0.0416667
-0.0994318
-0.115
-0.104911
-0.0752033
-0.0337302
-0.0198413
-0.0504202
-0.0894495
-0.123711
-0.153614
-0.15625
-0.138889
-0.100877
-0.0590909
-0.0517241
-0.117424
-0.147436
-0.144022
-0.116667
-0.0745614
-0.0491453
-0.0711009
-0.197802
-0.436508
-1.26852
3.725
0.760204
0.406627
0.252252
0.161654
0.0969388
0.0551948
0.0359375
0.027439
0.0223214
0.0190058
0.0201149
0.0223464
0.0192308
0.0121622
0.00540541
0.013587
0.046875
0.1
0.180147
0.333333
0.74569
7.03571
-1.15341
-0.507979
-0.291045
-0.159375
-0.075
-0.0409091
-0.10473
-0.176
-0.2325
-0.253125
-0.230469
-0.131579
-0.0482456
-0.0655738
-0.101449
-0.100649
-0.0803571
-0.0533708
-0.0384615
-0.0552326
-0.146667
-0.293103
-0.664286
-5.6
1.26042
0.552632
0.34375
0.225877
0.149254
0.089527
0.0392157
0.0212418
0.0517241
0.104962
0.162946
0.233516
0.343284
0.522727
0.965909
4.4375
-1.5
-0.5
-0.208333
-0.104167
-0.210526
-0.5
-1.875
3.5
0.583333
0.425
3.75
-1.21154
-0.644737
-0.450704
-0.328704
-0.241259
-0.170977
-0.107143
-0.052439
-0.0334158
-0.0991848
-0.221667
-0.453883
-1.3125
2.96591
0.728261
0.391234
0.222637
0.112723
0.0694444
0.196927
0.470833
1.36735
-3.55556
-0.702899
-0.289894
-0.168605
-0.59434
-48.25
0.972727
0.452381
0.232014
0.111667
0.073741
0.254587
0.554348
1.61538
-2.5625
-0.688679
-0.361446
-0.224057
-0.15
-0.104317
-0.0666667
-0.0438312
-0.0616438
-0.219262
-0.728873
8.2
0.92
0.534672
0.381991
0.290551
0.225425
0.173826
0.131499
0.0966354
0.0681984
0.0449477
0.0259851
0.0119368
0.00708024
0.0183723
0.0371357
0.0644369
0.104671
0.166424
0.269183
0.464091
1.04135
-17.25
-0.913603
-0.414195
-0.207776
-0.0960342
-0.0563725
-0.168112
-0.328165
-0.615466
-1.6236
2.98295
0.713141
0.36168
0.211974
0.126771
0.0692612
0.0322165
0.0176702
0.0494505
0.0860778
0.124579
0.171937
0.23652
0.336601
0.548469
1.24432
-4.60417
-0.824627
-0.438525
-0.285088
-0.192488
-0.122951
-0.0615385
-0.0316092
-0.0599593
-0.133102
-0.223011
-0.348837
-0.548193
-1.0625
-18.125
1.13542
0.424419
0.1875
0.095
0.25625
0.845238
-11.625
-0.908333
-0.466667
-0.297619
-0.198113
-0.133197
-0.0827068
-0.0521583
-0.0413793
-0.0480132
-0.0617284
-0.0747126
-0.0824607
-0.0805288
-0.0680804
-0.0497881
-0.0288066
-0.0165975
-0.0366379
-0.0642202
-0.0942211
-0.127841
-0.162252
-0.194444
-0.225728
-0.262346
-0.281746
-0.265
-0.207317
-0.0986842
-0.0526316
-0.0930233
-0.107143
-0.0849057
-0.0570175
-0.0258621
-0.00862069
-0.0263158
-0.0471698
-0.0288462
-0.00961538
-0.0188679
-0.0363636
-0.0431034
-0.0375
-0.0215517
-0.0636364
-0.117347
-0.189024
-0.25
-0.25
-0.202381
-0.147727
-0.233333
-0.268293
-0.25
-0.207746
-0.157738
-0.113158
-0.0776699
-0.0462963
-0.0212264
-0.0416667
-0.0763158
-0.116071
-0.141892
-0.166667
-0.165094
-0.107143
-0.0576923
-0.15
-0.201299
-0.21134
-0.190574
-0.160345
-0.125749
-0.0910326
-0.0576923
-0.0323383
-0.0159314
-0.0097561
-0.0144231
-0.0223005
-0.0285388
-0.027533
-0.0163043
-0.0141921
-0.0468037
-0.0979899
-0.160819
-0.239051
-0.340686
-0.488806
-0.634146
-0.708333
-0.59375
-0.238095
-0.363636
-0.346154
-0.290541
-0.231959
-0.184874
-0.15
-0.121875
-0.0960452
-0.0732984
-0.0544554
-0.0392857
-0.0289352
-0.0192308
-0.0101351
-0.0078125
-0.00774336
-0.00991189
-0.0161638
-0.0222458
-0.0317623
-0.0411765
-0.0458801
-0.047153
-0.039966
-0.0224252
-0.0116279
-0.0263605
-0.0613718
-0.105
-0.150463
-0.196133
-0.253497
-0.309633
-0.35625
-0.366379
-0.266304
-0.156977
-0.163462
-0.260563
-0.270408
-0.242366
-0.2
-0.147959
-0.0914352
-0.046875
-0.0321101
-0.0934343
-0.160294
-0.228102
-0.290094
-0.346154
-0.355263
-0.233696
-0.119565
-0.197368
-0.275
-0.281532
-0.258278
-0.225765
-0.187243
-0.148601
-0.109907
-0.0739943
-0.0398352
-0.019863
-0.0303672
-0.064759
-0.100498
-0.139205
-0.181306
-0.218407
-0.244828
-0.230769
-0.147059
-0.075
-0.0900901
-0.145038
-0.149038
-0.122905
-0.0829082
-0.0428922
-0.0185644
-0.0333333
-0.0418919
-0.0290055
-0.0217391
-0.0637755
-0.097032
-0.102642
-0.0861111
-0.0546875
-0.0300687
-0.0410714
-0.100791
-0.168981
-0.248538
-0.332031
-0.426966
-0.521552
-0.539474
-0.398148
-0.153846
-0.12069
-0.210526
-0.214286
-0.183333
-0.140845
-0.0897436
-0.0493827
-0.0320513
-0.105634
-0.215517
-0.402439
-0.829545
-4.3125
1.45
0.522727
0.25
0.132813
0.175926
0.65625
15.75
-1
-0.543478
-0.361486
-0.2625
-0.188
-0.129371
-0.0801282
-0.0385802
-0.0138889
-0.0188679
-0.0408497
-0.0611888
-0.0727612
-0.0813008
-0.0833333
-0.0880952
-0.0947368
-0.0880682
-0.0679012
-0.03125
-0.0339506
-0.104396
-0.159722
-0.18609
-0.186364
-0.167085
-0.135776
-0.0959302
-0.0496324
-0.0284926
-0.0607843
-0.121145
-0.185526
-0.25
-0.297826
-0.297753
-0.246479
-0.134921
-0.047619
-0.0485075
-0.0590278
-0.0433333
-0.0292208
-0.02
-0.0598592
-0.0859375
-0.0833333
-0.0727273
-0.0424528
-0.00943396
-0.0188679
-0.0526316
-0.0696721
-0.0757576
-0.0798611
-0.0833333
-0.0872093
-0.087766
-0.0849515
-0.0825893
-0.0737705
-0.0620155
-0.0510949
-0.0316901
-0.0140845
-0.0215827
-0.0413534
-0.0535714
-0.052521
-0.0369565
-0.0213675
-0.0569106
-0.0967153
-0.116987
-0.120056
-0.114428
-0.0993304
-0.0781893
-0.0562016
-0.0327715
-0.0167286
-0.0179924
-0.0464427
-0.0815451
-0.11899
-0.162011
-0.217466
-0.285088
-0.388889
-0.542453
-0.944444
-4.35
1.52083
0.586207
0.353261
0.25
0.193333
0.157303
0.122549
0.0915179
0.0666667
0.0496032
0.0419847
0.0492701
0.0663265
0.090625
0.120879
0.150235
0.171206
0.182325
0.187013
0.186709
0.181347
0.173214
0.163783
0.15303
0.141681
0.130271
0.117706
0.103177
0.0859502
0.0645202
0.0377061
0.0214355
0.0346116
0.0831533
0.143255
0.22041
0.326417
0.494284
0.845609
2.58763
-2.05978
-0.572917
-0.22354
-0.108736
-0.270238
-0.948113
4.51724
0.815642
0.436738
0.268212
0.156944
0.0771552
0.0409331
0.0975728
0.180556
0.264749
0.344378
0.391061
0.375969
0.257143
0.115789
0.0315789
0.0180412
0.0452128
0.151235
0.32377
0.735714
7.4375
-1.14815
-0.512931
-0.3125
-0.20283
-0.122951
-0.0585938
-0.0337302
-0.0913043
-0.185567
-0.326389
-0.565217
-1.31579
20.5
0.90625
0.322917
0.135417
0.223684
0.604167
3.875
-2.875
-0.607143
-0.275
-0.15
-0.285714
-0.5
-1.125
-1.25
-1
-0.6875
-0.555556
-0.46875
-0.388889
-0.30625
-0.221154
-0.143443
-0.0909091
-0.0778689
-0.297872
-0.895833
13.25
0.878788
0.434426
0.23125
0.122159
0.078125
0.27381
0.680556
2.91667
-1.53333
-0.523438
-0.231707
-0.107955
-0.075
-0.166667
-0.146552
-0.12037
-0.125
-0.1875
-0.178571
-0.137931
-0.0753968
-0.0515873
-0.127273
-0.267442
-0.482759
-1.09615
-5.25
2.375
0.875
-3.75
-0.825
-0.5
-0.333333
-0.203488
-0.111702
-0.05
-0.02
-0.0204082
-0.037234
-0.0153061
-0.035
-0.0518868
-0.0526316
-0.0301724
-0.0350877
-0.11
-0.197674
-0.366667
-0.592105
-1.05556
-3.125
-3.25
-0.75
-0.634615
-0.442308
-0.315789
-0.214286
-0.131579
-0.0666667
-0.0258621
-0.0590909
-0.095
-0.119318
-0.1
-0.0526316
-0.0263158
-0.05
-0.102273
-0.139423
-0.147541
-0.133803
-0.115625
-0.0898876
-0.0585106
-0.0360825
-0.0212766
-0.0617978
-0.096875
-0.107639
-0.0833333
-0.0507812
-0.0522388
-0.113636
-0.140449
-0.138095
-0.113445
-0.0794574
-0.0496324
-0.028777
-0.0110294
-0.0244361
-0.0232558
-0.0175781
-0.0209924
-0.0510949
-0.0783333
-0.0939394
-0.0991848
-0.0992647
-0.0929204
-0.0772358
-0.0528846
-0.0290262
-0.0208333
-0.060241
-0.113739
-0.168421
-0.223856
-0.243852
-0.186275
-0.108247
-0.100917
-0.179104
-0.191964
-0.164216
-0.118534
-0.069
-0.0333333
-0.0230924
-0.0600858
-0.0802326
-0.0795455
-0.0588235
-0.032967
-0.0202703
-0.0512821
-0.0731132
-0.0815217
-0.0833333
-0.0766423
-0.0633562
-0.0462662
-0.0238095
-0.0111111
-0.0227273
-0.0459184
-0.0627273
-0.0658915
-0.0565844
-0.0340426
-0.0201271
-0.0404858
-0.063447
-0.0734266
-0.0728155
-0.0649547
-0.0514286
-0.0331492
-0.01703
-0.0123626
-0.0349003
-0.0611782
-0.0924092
-0.128277
-0.159783
-0.186528
-0.198438
-0.178309
-0.129167
-0.0723684
-0.0378151
-0.0973282
-0.130719
-0.141243
-0.136473
-0.122881
-0.10322
-0.0807292
-0.052459
-0.0273312
-0.0163399
-0.0496575
-0.0889513
-0.129237
-0.174129
-0.234568
-0.313008
-0.43314
-0.69
-1.41667
6.1875
0.822917
0.375
0.180851
0.0816327
0.0652174
0.203947
0.442308
1.16667
-4
-0.806818
-0.47561
-0.333333
-0.252976
-0.197619
-0.158
-0.122378
-0.089172
-0.0598802
-0.0317919
-0.015896
-0.0282738
-0.0566038
-0.0804795
-0.0951493
-0.108333
-0.118056
-0.128947
-0.130952
-0.126667
-0.125
-0.108333
-0.0863636
-0.0673077
-0.0545455
-0.148438
-0.216049
-0.238426
-0.228571
-0.207627
-0.176606
-0.139328
-0.10159
-0.0627063
-0.0307443
-0.0206271
-0.0625
-0.106031
-0.159502
-0.227654
-0.3125
-0.433511
-0.603448
-0.796875
-0.763889
-0.407895
-0.4375
-0.417969
-0.329082
-0.246183
-0.171875
-0.104749
-0.0508021
-0.0203804
-0.0367232
-0.0431548
-0.0304878
-0.0209581
-0.059322
-0.0931122
-0.106335
-0.10061
-0.0851852
-0.0657439
-0.0437294
-0.0226537
-0.0120579
-0.0138889
-0.030303
-0.0431338
-0.0546296
-0.0694444
-0.0862069
-0.103571
-0.127005
-0.157813
-0.181985
-0.200893
-0.196809
-0.1625
-0.097973
-0.0551948
-0.122159
-0.165094
-0.176357
-0.165064
-0.144231
-0.122596
-0.101293
-0.0813492
-0.0685185
-0.0598958
-0.049505
-0.0396825
-0.029908
-0.0173716
-0.0129179
-0.0402208
-0.0821918
-0.131783
-0.19186
-0.257353
-0.3125
-0.301546
-0.190476
-0.101648
-0.208696
-0.24359
-0.222772
-0.177711
-0.125
-0.0665584
-0.039644
-0.0880282
-0.22103
-0.51461
-2.33696
1.50562
0.635628
0.412736
0.303105
0.233146
0.183809
0.145924
0.115119
0.0886872
0.0654373
0.0437968
0.0226996
0.0121655
0.0236465
0.0537353
0.0930565
0.148438
0.233249
0.384344
0.75
3.59012
-1.37976
-0.531453
-0.277605
-0.133086
-0.0610964
-0.0731098
-0.171585
-0.282205
-0.423981
-0.651832
-1.1733
-8.69444
1.24419
0.425676
0.159884
0.0610465
0.11039
0.25
0.47561
1.07895
18.5
-1.03333
-0.472222
-0.282895
-0.207447
-0.179825
-0.177536
-0.178571
-0.17402
-0.153689
-0.118705
-0.0778146
-0.0398089
-0.025641
-0.0616438
-0.112595
-0.15625
-0.178947
-0.175
-0.130282
-0.0783582
-0.0352113
-0.0811688
-0.0959302
-0.0973684
-0.0904762
-0.0811404
-0.0813008
-0.0919118
-0.104305
-0.121345
-0.134422
-0.136957
-0.128759
-0.113333
-0.0941265
-0.0724234
-0.0484085
-0.0245478
-0.0148579
-0.032754
-0.0662393
-0.10489
-0.150909
-0.20815
-0.28125
-0.365234
-0.443182
-0.454167
-0.297872
-0.142857
-0.222656
-0.269663
-0.25
-0.210784
-0.168919
-0.129108
-0.0946809
-0.0644841
-0.0383142
-0.0206767
-0.0123574
-0.0303922
-0.0504115
-0.0719027
-0.0905797
-0.104278
-0.113095
-0.12
-0.12406
-0.121849
-0.120283
-0.110526
-0.0852273
-0.0572289
-0.0339506
-0.0301205
-0.0824176
-0.116505
-0.134454
-0.136691
-0.125786
-0.103352
-0.0725389
-0.0373134
-0.0174129
-0.0333333
-0.0732044
-0.114198
-0.15
-0.17437
-0.19
-0.201807
-0.192029
-0.139344
-0.0745614
-0.0387931
-0.0793651
-0.128472
-0.148256
-0.1425
-0.134783
-0.120301
-0.0993151
-0.084375
-0.0736994
-0.0597826
-0.0365044
-0.037234
-0.0368852
-0.0395257
-0.0432331
-0.0397112
-0.0332168
-0.0271186
-0.0183333
-0.0107261
-0.00581395
-0.013468
-0.0197595
-0.0228873
-0.0197842
-0.0109091
-0.00272727
-0
-0.000909091
-0.00912409
-0.0281955
-0.0503953
-0.0709746
-0.0891204
-0.0982143
-0.0879888
-0.0514706
-0.0264706
-0.047486
-0.074359
-0.0754717
-0.0564159
-0.0334052
-0.0231278
-0.0707547
-0.124332
-0.171384
-0.20229
-0.190367
-0.114796
-0.056701
-0.0801887
-0.138211
-0.160473
-0.15483
-0.137255
-0.117457
-0.0963035
-0.0755396
-0.0559322
-0.0359477
-0.0184887
-0.00889968
-0.0214521
-0.040378
-0.0611314
-0.0790514
-0.0915948
-0.103571
-0.111702
-0.108824
-0.0957792
-0.0672414
-0.0375
-0.0193662
-0.0439189
-0.071875
-0.0894886
-0.0948718
-0.0918605
-0.087234
-0.0817121
-0.0712996
-0.0586735
-0.0469256
-0.0351563
-0.0228659
-0.010574
-0.0060423
-0.0145706
-0.0268139
-0.0351307
-0.0408163
-0.0435943
-0.037963
-0.0217803
-0.00852273
-0.0131086
-0.0245455
-0.0238516
-0.013986
-0.0114437
-0.0392336
-0.0770751
-0.111233
-0.135678
-0.143064
-0.121753
-0.0716783
-0.0384615
-0.0616883
-0.0926471
-0.0973684
-0.0865385
-0.0658482
-0.0396996
-0.0190678
-0.0107296
-0.0309735
-0.0523256
-0.0753769
-0.0934066
-0.114329
-0.144366
-0.172131
-0.21
-0.246875
-0.265873
-0.245
-0.159091
-0.106383
-0.221311
-0.276786
-0.273504
-0.233974
-0.181937
-0.126697
-0.0703782
-0.0352697
-0.0456522
-0.10628
-0.167614
-0.218531
-0.23913
-0.220745
-0.154321
-0.0769231
-0.0542169
-0.111702
-0.137615
-0.142578
-0.136824
-0.123529
-0.107895
-0.0916667
-0.0770925
-0.0627572
-0.0470588
-0.0323194
-0.0185874
-0.00743494
-0.0093633
-0.0220307
-0.0327381
-0.0390947
-0.0420259
-0.0368304
-0.0263761
-0.0139535
-0.00465116
-0.00462963
-0.00573394
-0.00802752
-0.0187793
-0.031401
-0.0441919
-0.0548128
-0.0522599
-0.0336257
-0.0176471
-0.0215517
-0.0453297
-0.0589744
-0.057971
-0.0458716
-0.0279018
-0.0165929
-0.0192308
-0.0459906
-0.0765306
-0.108757
-0.146104
-0.187984
-0.238095
-0.323718
-0.422727
-0.564286
-0.815789
-1.13889
-1.3125
-0.75
-0.6
-0.516667
-0.408654
-0.336538
-0.277523
-0.221831
-0.172515
-0.127525
-0.087963
-0.0524017
-0.0236052
-0.0107759
-0.0232301
-0.037844
-0.0471014
-0.0467172
-0.0434211
-0.0398352
-0.029661
-0.0172414
-0.0101156
-0.00877193
-0.0147059
-0.0411585
-0.0933333
-0.177734
-0.342105
-0.778302
-9.35
1.10227
0.508152
0.302239
0.178354
0.0865922
0.0441989
0.0744048
0.177817
0.337264
0.713115
3.59615
-1.39394
-0.529221
-0.273585
-0.13125
-0.0877193
-0.28125
-0.835106
23.625
0.923077
0.439474
0.240079
0.119718
0.047619
0.012069
0.0227273
0.055
0.131579
0.192217
0.223346
0.231638
0.224891
0.210345
0.192708
0.174112
0.155314
0.136553
0.117755
0.099505
0.0812651
0.0619682
0.0404671
0.0220353
0.0161072
0.0505969
0.0953865
0.152338
0.22913
0.340012
0.528545
0.989852
6.63571
-1.22667
-0.466071
-0.218487
-0.0941558
-0.0509383
-0.140769
-0.292
-0.588141
-1.95673
1.9434
0.637417
0.352128
0.215833
0.130435
0.0716216
0.0321522
0.0131926
0.0243243
0.0430791
0.0606287
0.079288
0.102313
0.132591
0.170991
0.229532
0.305344
0.407609
0.533333
0.685714
0.666667
0.361111
0.208333
0.264286
0.198864
0.12
0.106383
0.393939
1.72917
-1.68333
-0.615854
-0.313492
-0.142361
-0.0809859
-0.223684
-0.578571
-1.875
2.025
0.572917
0.25
0.197917
1.25
-2.39286
-0.701923
-0.392045
-0.232759
-0.132576
-0.0669014
-0.0347222
-0.0289855
-0.0454545
-0.0555556
-0.0775862
-0.0849057
-0.075
-0.0869565
-0.121951
-0.157143
-0.158333
-0.12963
-0.114583
-0.102273
-0.0416667
-0.0961538
-0.125
-0.135714
-0.1
-0.0426829
-0.0121951
-0.05625
-0.159091
-0.25
-0.368421
-0.442308
-0.3
-0.15
-0.230769
-0.289474
-0.25
-0.171875
-0.0928571
-0.0416667
-0.0428571
-0.158333
-0.340909
-0.711538
-5.25
1.25
0.52381
0.291667
0.135714
0.0785714
0.224138
0.85
-9.125
-0.861111
-0.481132
-0.320513
-0.220588
-0.151261
-0.0958647
-0.0485612
-0.0160714
-0.0125899
-0.0432331
-0.0772358
-0.105856
-0.132653
-0.157738
-0.173611
-0.191667
-0.195
-0.156977
-0.08125
-0.05625
-0.125
-0.197368
-0.219595
-0.207447
-0.180435
-0.152574
-0.120192
-0.0838235
-0.047486
-0.0276243
-0.0373563
-0.0875
-0.154676
-0.263761
-0.443333
-0.875
-8.4375
1.15625
0.418605
0.204082
0.2125
1.19444
-2.18333
-0.715517
-0.440476
-0.30719
-0.224747
-0.163866
-0.113383
-0.0657439
-0.0340136
-0.0316901
-0.0836502
-0.146476
-0.213904
-0.29021
-0.364286
-0.440972
-0.469388
-0.361111
-0.181818
-0.118421
-0.209184
-0.214286
-0.192308
-0.170213
-0.144144
-0.114
-0.0857664
-0.0650685
-0.0454545
-0.022293
-0.00636943
-0.00801282
-0.0163399
-0.0233333
-0.0258621
-0.0157343
-0.00874126
-0.0239726
-0.0487013
-0.069697
-0.0828729
-0.084596
-0.0755814
-0.058952
-0.0388655
-0.0216049
-0.0114108
-0.0244681
-0.0376106
-0.0462963
-0.047561
-0.0416667
-0.0368421
-0.0297297
-0.0248619
-0.0269886
-0.0307018
-0.0378788
-0.0493631
-0.0641892
-0.0900735
-0.127083
-0.162621
-0.197674
-0.224638
-0.181034
-0.113636
-0.134921
-0.252976
-0.277311
-0.25625
-0.213768
-0.162651
-0.105357
-0.0544218
-0.0320069
-0.0817669
-0.153261
-0.237772
-0.337591
-0.478261
-0.716981
-1.20833
-3.65
7.75
4.75
-0.958333
-0.609375
-0.421053
-0.316265
-0.234234
-0.163534
-0.103041
-0.0557325
-0.0283019
-0.0275974
-0.0586207
-0.0802239
-0.0983607
-0.112385
-0.112245
-0.103933
-0.095679
-0.08
-0.0633803
-0.0559701
-0.0546875
-0.0666667
-0.1
-0.159574
-0.25
-0.451923
-1.125
7
0.875
0.458333
0.284884
0.201923
0.166667
0.152027
0.148256
0.14951
0.142857
0.122263
0.0860927
0.0509554
0.0463576
0.168605
0.394022
1.12209
-3.7
-0.770833
-0.393443
-0.216561
-0.101156
-0.0514706
-0.115894
-0.227459
-0.375
-0.613208
-0.990741
-2.64286
9.5
-4.75
-0.916667
-0.617188
-0.45
-0.339674
-0.258
-0.189103
-0.127095
-0.0686528
-0.0333333
-0.040107
-0.0877193
-0.122517
-0.135338
-0.130342
-0.0990566
-0.0490196
-0.0169903
-0.0283019
-0.0382883
-0.0369565
-0.0336134
-0.0345528
-0.0449219
-0.0711679
-0.104575
-0.129261
-0.140244
-0.138075
-0.124088
-0.101307
-0.0732628
-0.0447977
-0.0226629
-0.0121429
-0.0257353
-0.0342988
-0.0339117
-0.0275974
-0.0181518
-0.0133333
-0.0161017
-0.0250865
-0.0442238
-0.0726744
-0.10515
-0.13848
-0.168103
-0.181507
-0.162698
-0.116071
-0.0601852
-0.0379464
-0.096
-0.127622
-0.137725
-0.132124
-0.119863
-0.104675
-0.0855019
-0.0633681
-0.0408333
-0.0220588
-0.0105178
-0.00487013
-0.00737705
-0.00742574
-0.00491803
-0.0161812
-0.0258621
-0.0282012
-0.0244807
-0.016035
-0.0102339
-0.0239521
-0.049373
-0.0816327
-0.117871
-0.162611
-0.22962
-0.354779
-0.682099
-3.56944
1.33621
0.614379
0.423004
0.326972
0.268156
0.224101
0.189394
0.159912
0.133657
0.109128
0.0855624
0.062018
0.0372143
0.0197127
0.0208853
0.056526
0.0985507
0.151003
0.222876
0.33642
0.563578
1.35204
-4.05952
-0.775833
-0.389558
-0.218799
-0.105153
-0.0525588
-0.093465
-0.21648
-0.401055
-0.798077
-3.61932
1.44681
0.522727
0.259398
0.121689
0.0493528
0.034396
0.0873162
0.136458
0.19598
0.272293
0.403153
0.693182
2.35526
-1.9881
-0.627049
-0.348404
-0.210084
-0.121324
-0.0559441
-0.028169
-0.0620301
-0.117647
-0.1725
-0.207831
-0.227612
-0.209091
-0.127551
-0.07
-0.142241
-0.212838
-0.239691
-0.228516
-0.204687
-0.172194
-0.135463
-0.0952381
-0.0589888
-0.0281818
-0.0118182
-0.0157407
-0.0209125
-0.0125
-0.00673077
-0.0179924
-0.0318182
-0.0325704
-0.0239726
-0.0169492
-0.0198962
-0.0490909
-0.0754902
-0.0948276
-0.097619
-0.075641
-0.0385638
-0.018617
-0.025641
-0.0273632
-0.0245098
-0.0382653
-0.099162
-0.188333
-0.316964
-0.476667
-0.647727
-0.534483
-0.308333
-0.403846
-0.401099
-0.330292
-0.255348
-0.185345
-0.119318
-0.0631673
-0.0332168
-0.0336364
-0.0754902
-0.112445
-0.150253
-0.184132
-0.213504
-0.227477
-0.203804
-0.135802
-0.0737179
-0.0654762
-0.118557
-0.123874
-0.1
-0.056391
-0.0300752
-0.058
-0.116071
-0.175532
-0.214286
-0.218254
-0.165094
-0.0721154
-0.0636364
-0.132813
-0.162338
-0.154891
-0.139151
-0.116803
-0.0845865
-0.0535714
-0.0344828
-0.0228873
-0.0578358
-0.0983607
-0.143868
-0.191011
-0.235915
-0.25
-0.222826
-0.128049
-0.0792683
-0.158163
-0.234375
-0.247093
-0.234375
-0.208042
-0.172414
-0.130597
-0.0848416
-0.0414847
-0.0242291
-0.0610329
-0.111257
-0.161585
-0.210821
-0.236111
-0.227273
-0.179054
-0.0942029
-0.0528169
-0.126543
-0.1825
-0.196
-0.188312
-0.17246
-0.149321
-0.124008
-0.100534
-0.0770492
-0.052795
-0.0331325
-0.0176991
-0.00737463
-0.0104167
-0.0228659
-0.033123
-0.0418033
-0.0527682
-0.0615809
-0.0666667
-0.0703782
-0.0720721
-0.0724638
-0.0712435
-0.0676796
-0.0617647
-0.0509259
-0.036859
-0.0228758
-0.0115894
-0.00662252
-0.0114379
-0.0192308
-0.0296875
-0.046131
-0.0614525
-0.0725389
-0.0797619
-0.0818777
-0.0742972
-0.0568182
-0.0328467
-0.0190909
-0.0319549
-0.0682731
-0.103795
-0.125
-0.116477
-0.0731707
-0.0432099
-0.0617816
-0.103846
-0.115991
-0.105
-0.0808824
-0.0520833
-0.0263605
-0.0137457
-0.0311388
-0.0427509
-0.0457198
-0.0426829
-0.0336134
-0.0236052
-0.0174672
-0.0188053
-0.0273973
-0.0377358
-0.0497512
-0.0578947
-0.0572626
-0.0482456
-0.030303
-0.0166667
-0.025
-0.0409605
-0.052139
-0.0565327
-0.0535714
-0.0463801
-0.0327511
-0.018319
-0.0141921
-0.043379
-0.0772059
-0.121547
-0.170455
-0.212302
-0.232843
-0.210843
-0.133333
-0.0625
-0.130435
-0.162162
-0.146617
-0.103041
-0.0541401
-0.0320513
-0.0689655
-0.130859
-0.195755
-0.241071
-0.228261
-0.181034
-0.0990566
-0.0424528
-0.0482456
-0.0458333
-0.0245902
-0.0375
-0.134615
-0.268293
-0.527778
-1.91667
1.975
0.659091
0.390909
0.260135
0.17033
0.095
0.0485437
0.0510204
0.161765
0.368852
0.929688
-7.35
-0.872449
-0.484211
-0.326923
-0.234043
-0.162611
-0.10119
-0.0473485
-0.0227273
-0.0426587
-0.0761803
-0.0943396
-0.0919689
-0.0649171
-0.0353107
-0.0206044
-0.0471204
-0.0563725
-0.0476744
-0.0260181
-0.0135747
-0.0290698
-0.0581683
-0.0828877
-0.108631
-0.133446
-0.15625
-0.18287
-0.210674
-0.232639
-0.241379
-0.228723
-0.18125
-0.118056
-0.0789474
-0.173913
-0.225
-0.237179
-0.22549
-0.197266
-0.158497
-0.116379
-0.0744681
-0.0410256
-0.0248691
-0.0670391
-0.117925
-0.170956
-0.233945
-0.300595
-0.383333
-0.463415
-0.490741
-0.321429
-0.159091
-0.275
-0.331522
-0.30597
-0.255495
-0.204348
-0.155109
-0.112013
-0.0733533
-0.0375723
-0.0158046
-0.0175439
-0.0457317
-0.0778146
-0.105839
-0.141667
-0.1975
-0.285256
-0.466981
-1.01923
25.25
0.97619
0.381944
0.207317
0.296875
3.42857
-1.21667
-0.590909
-0.380859
-0.260057
-0.170991
-0.0957447
-0.0446058
-0.0332618
-0.0955189
-0.162983
-0.236301
-0.327982
-0.453333
-0.693182
-1.41667
19
0.923077
0.305556
0.111111
0.2
0.527778
0.7
0.7
0.616667
0.585938
0.480159
0.414286
0.353659
0.310381
0.272239
0.240093
0.21055
0.185351
0.162609
0.141863
0.12242
0.103275
0.0839739
0.0640704
0.0427541
0.0220242
0.0128292
0.031337
0.0623151
0.0999593
0.148036
0.215831
0.323752
0.529651
1.14646
-13.9667
-0.897436
-0.388199
-0.170103
-0.0820611
-0.142647
-0.361336
-0.877907
-24
1.02752
0.465854
0.266014
0.158886
0.0910959
0.0433071
0.0176702
0.0247989
0.0538244
0.0812883
0.107993
0.138566
0.175799
0.22067
0.273214
0.340476
0.46831
0.72561
1.51563
-17.75
-0.903846
-0.368421
-0.316667
-6.25
1.125
0.597826
0.4
0.287946
0.206294
0.133234
0.0621469
0.0282486
0.0628743
0.136207
0.208333
0.288043
0.369403
0.451087
0.516667
0.440476
0.277778
0.184783
0.318182
0.315
0.268116
0.201705
0.129902
0.0717593
0.0509709
0.176136
0.409836
1.00833
-15.75
-0.901515
-0.422414
-0.223333
-0.10241
-0.0416667
-0.040625
-0.0878378
-0.128906
-0.149123
-0.180851
-0.2125
-0.316667
-0.605263
-2.7
1.575
0.603448
0.369565
0.245902
0.158784
0.078125
0.034375
0.06
0.104478
0.125
0.125
0.0765306
0.055
0.12069
0.163043
0.178571
0.169903
0.15
0.125899
0.100649
0.0703593
0.0390173
0.0190058
0.0487805
0.097973
0.139535
0.148649
0.105
0.0710784
0.15
0.215909
0.220149
0.19
0.141525
0.0820433
0.0457317
0.0710784
0.174419
0.306122
0.507813
0.897727
2.07143
-22.5
-4.875
1.13462
0.633721
0.418831
0.280093
0.180451
0.103041
0.0503247
0.0316667
inf
-nan(ind)
-nan(ind)
-nan(ind)
-nan(ind)
-nan(ind)
-nan(ind)
-nan(ind)
-nan(ind)
-nan(ind)
-nan(ind)
-nan(ind)
-nan(ind)
-nan(ind)
-nan(ind)
-nan(ind)
-nan(ind)
-nan(ind)
-nan(ind)
-nan(ind)
-nan(ind)
-nan(ind)
-nan(ind)
-nan(ind)
-nan(ind)
-nan(ind)
-nan(ind)
-nan(ind)
-nan(ind)
-nan(ind)
-nan(ind)
-nan(ind)
-nan(ind)
-nan(ind)
-nan(ind)
-nan(ind)
-nan(ind)
-nan(ind)
-nan(ind)
-nan(ind)
-nan(ind)
-nan(ind)
-nan(ind)
-nan(ind)
-nan(ind)
-nan(ind)
-nan(ind)
-nan(ind)
-nan(ind)
-nan(ind)
-nan(ind)
-nan(ind)
-nan(ind)
-nan(ind)
-nan(ind)
-nan(ind)
-nan(ind)
-nan(ind)
-nan(ind)
-nan(ind)
-nan(ind)
-nan(ind)
-nan(ind)
-nan(ind)
-nan(ind)
-nan(ind)
-nan(ind)
-nan(ind)
-nan(ind)
-nan(ind)
-nan(ind)
-nan(ind)
-nan(ind)
-nan(ind)
-nan(ind)
-nan(ind)
-nan(ind)
-nan(ind)
-nan(ind)
-nan(ind)
-nan(ind)
-nan(ind)
-nan(ind)
-nan(ind)
-nan(ind)
-nan(ind)
-nan(ind)
-nan(ind)
-nan(ind)
-nan(ind)
-nan(ind)
-nan(ind)
-nan(ind)
-nan(ind)
-nan(ind)
-nan(ind)
-nan(ind)
-nan(ind)
-nan(ind)
-nan(ind)
-nan(ind)
-nan(ind)
-nan(ind)
-nan(ind)
-nan(ind)
-nan(ind)
-nan(ind)
-nan(ind)
-nan(ind)
-nan(ind)
-nan(ind)
-nan(ind)
-nan(ind)
-nan(ind)
-nan(ind)
-nan(ind)
-nan(ind)
-nan(ind)
-nan(ind)
-nan(ind)
-nan(ind)
-nan(ind)
-nan(ind)
-nan(ind)
-nan(ind)
-nan(ind)
-nan(ind)
-nan(ind)
-nan(ind)
-nan(ind)
-nan(ind)
-nan(ind)
-nan(ind)
-nan(ind)
-nan(ind)
-nan(ind)
-nan(ind)
-nan(ind)
-nan(ind)
-nan(ind)
-nan(ind)
-nan(ind)
-nan(ind)
-nan(ind)
-nan(ind)
-nan(ind)
-nan(ind)
-nan(ind)
-nan(ind)
-nan(ind)
-nan(ind)
-nan(ind)
-nan(ind)
-nan(ind)
-nan(ind)
-nan(ind)
-nan(ind)
-nan(ind)
-nan(ind)
-nan(ind)
-nan(ind)
-nan(ind)
-nan(ind)
-nan(ind)
-nan(ind)
-nan(ind)
-nan(ind)
-nan(ind)
-nan(ind)
-nan(ind)
-nan(ind)
-nan(ind)
-nan(ind)
-nan(ind)
-nan(ind)
-nan(ind)
-nan(ind)
-nan(ind)
-nan(ind)
-nan(ind)
-nan(ind)
-nan(ind)
-nan(ind)
-nan(ind)
-nan(ind)
-nan(ind)
-nan(ind)
-nan(ind)
-nan(ind)
-nan(ind)
-nan(ind)
-nan(ind)
-nan(ind)
-nan(ind)
-nan(ind)
-nan(ind)
-nan(ind)
-nan(ind)
-nan(ind)
-nan(ind)
-nan(ind)
-nan(ind)
-nan(ind)
-nan(ind)
-nan(ind)
-nan(ind)
-nan(ind)
-nan(ind)
-nan(ind)
-nan(ind)
-nan(ind)
-nan(ind)
-nan(ind)
-nan(ind)
-nan(ind)
-nan(ind)
-nan(ind)
-nan(ind)
-nan(ind)
-nan(ind)
-nan(ind)
-nan(ind)
-nan(ind)
-nan(ind)
-nan(ind)
-nan(ind)
-nan(ind)
-nan(ind)
-nan(ind)
-nan(ind)
-nan(ind)
-nan(ind)
-nan(ind)
-nan(ind)
-nan(ind)
-nan(ind)
-nan(ind)
-nan(ind)
-nan(ind)
-nan(ind)
-nan(ind)
-nan(ind)
-nan(ind)
-nan(ind)
-nan(ind)
-nan(ind)
-nan(ind)
-nan(ind)
-nan(ind)
-nan(ind)
-nan(ind)
-nan(ind)
-nan(ind)
-nan(ind)
-nan(ind)
-nan(ind)
-nan(ind)
-nan(ind)
-nan(ind)
-nan(ind)
-nan(ind)
-nan(ind)
-nan(ind)
-nan(ind)
-nan(ind)
-nan(ind)
-nan(ind)
-nan(ind)
-nan(ind)
-nan(ind)
-nan(ind)
-nan(ind)
-nan(ind)
-nan(ind)
-nan(ind)
-nan(ind)
-nan(ind)
-nan(ind)
-nan(ind)
-nan(ind)
-nan(ind)
-nan(ind)
-nan(ind)
-nan(ind)
-nan(ind)
-nan(ind)
-nan(ind)
-nan(ind)
-nan(ind)
-nan(ind)
-nan(ind)
-nan(ind)
-nan(ind)
-nan(ind)
-nan(ind)
-nan(ind)
-nan(ind)
-nan(ind)
-nan(ind)
-nan(ind)
-nan(ind)
-nan(ind)
-nan(ind)
-nan(ind)
-nan(ind)
-nan(ind)
-nan(ind)
-nan(ind)
-nan(ind)
-nan(ind)
-nan(ind)
-nan(ind)
-nan(ind)
-nan(ind)
-nan(ind)
-nan(ind)
-nan(ind)
-nan(ind)
-nan(ind)
-nan(ind)
-nan(ind)
-nan(ind)
-nan(ind)
-nan(ind)
-nan(ind)
-nan(ind)
-nan(ind)
-nan(ind)
-nan(ind)
-nan(ind)
-nan(ind)
-nan(ind)
-nan(ind)
-nan(ind)
-nan(ind)
-nan(ind)
-nan(ind)
-nan(ind)
-nan(ind)
-nan(ind)
-nan(ind)
-nan(ind)
-nan(ind)
-nan(ind)
-nan(ind)
-nan(ind)
-nan(ind)
-nan(ind)
-nan(ind)
-nan(ind)
-nan(ind)
-nan(ind)
-nan(ind)
-nan(ind)
-nan(ind)
-nan(ind)
-nan(ind)
-nan(ind)
-nan(ind)
-nan(ind)
-nan(ind)
-nan(ind)
-nan(ind)
-nan(ind)
-nan(ind)
-nan(ind)
-nan(ind)
-nan(ind)
-nan(ind)
-nan(ind)
-nan(ind)
-nan(ind)
-nan(ind)
-nan(ind)
-nan(ind)
-nan(ind)
-nan(ind)
-nan(ind)
-nan(ind)
-nan(ind)
-nan(ind)
-nan(ind)
-nan(ind)
-nan(ind)
-nan(ind)
-nan(ind)
-nan(ind)
-nan(ind)
-nan(ind)
-nan(ind)
-nan(ind)
-nan(ind)
-nan(ind)
-nan(ind)
-nan(ind)
-nan(ind)
-nan(ind)
-nan(ind)
-nan(ind)
-nan(ind)
-nan(ind)
-nan(ind)
-nan(ind)
-nan(ind)
-nan(ind)
-nan(ind)
-nan(ind)
-nan(ind)
-nan(ind)
-nan(ind)
-nan(ind)
-nan(ind)
-nan(ind)
-nan(ind)
-nan(ind)
-nan(ind)
-nan(ind)
-nan(ind)
-nan(ind)
-nan(ind)
-nan(ind)
-nan(ind)
-nan(ind)
-nan(ind)
-nan(ind)
-nan(ind)
-nan(ind)
-nan(ind)
-nan(ind)
-nan(ind)
-nan(ind)
-nan(ind)
-nan(ind)
-nan(ind)
-nan(ind)
-nan(ind)
-nan(ind)
-nan(ind)
-nan(ind)
-nan(ind)
-nan(ind)
-nan(ind)
-nan(ind)
-nan(ind)
-nan(ind)
-nan(ind)
-nan(ind)
-nan(ind)
-nan(ind)
-nan(ind)
-nan(ind)
-nan(ind)
-nan(ind)
-nan(ind)
-nan(ind)
-nan(ind)
-nan(ind)
-nan(ind)
-nan(ind)
-nan(ind)
-nan(ind)
-nan(ind)
-nan(ind)
-nan(ind)
-nan(ind)
-nan(ind)
-nan(ind)
-nan(ind)
-nan(ind)
-nan(ind)
-nan(ind)
-nan(ind)
-nan(ind)
-nan(ind)
-nan(ind)
-nan(ind)
-nan(ind)
-nan(ind)
-nan(ind)
-nan(ind)
-nan(ind)
-nan(ind)
-nan(ind)
-nan(ind)
-nan(ind)
-nan(ind)
-nan(ind)
-nan(ind)
-nan(ind)
-nan(ind)
-nan(ind)
-nan(ind)
-nan(ind)
-nan(ind)
-nan(ind)
-nan(ind)
-nan(ind)
-nan(ind)
-nan(ind)
-nan(ind)
-nan(ind)
-nan(ind)
-nan(ind)
-nan(ind)
-nan(ind)
-nan(ind)
-nan(ind)
-nan(ind)
-nan(ind)
-nan(ind)
-nan(ind)
-nan(ind)
-nan(ind)
-nan(ind)
-nan(ind)
-nan(ind)
-nan(ind)
-nan(ind)
-nan(ind)
-nan(ind)
-nan(ind)
-nan(ind)
-nan(ind)
-nan(ind)
-nan(ind)
-nan(ind)
-nan(ind)
-nan(ind)
-nan(ind)
-nan(ind)
-nan(ind)
-nan(ind)
-nan(ind)
-nan(ind)
-nan(ind)
-nan(ind)
-nan(ind)
-nan(ind)
-nan(ind)
-nan(ind)
-nan(ind)
-nan(ind)
-nan(ind)
-nan(ind)
-nan(ind)
-nan(ind)
-nan(ind)
-nan(ind)
-nan(ind)
-nan(ind)
-nan(ind)
-nan(ind)
-nan(ind)
-nan(ind)
-nan(ind)
-nan(ind)
-nan(ind)
-nan(ind)
-nan(ind)
-nan(ind)
-nan(ind)
-nan(ind)
-nan(ind)
-nan(ind)
-nan(ind)
-nan(ind)
-nan(ind)
-nan(ind)
-nan(ind)
-nan(ind)
-nan(ind)
-nan(ind)
-nan(ind)
-nan(ind)
-nan(ind)
-nan(ind)
-nan(ind)
-nan(ind)
-nan(ind)
-nan(ind)
-nan(ind)
-nan(ind)
-nan(ind)
-nan(ind)
-nan(ind)
-nan(ind)
-nan(ind)
-nan(ind)
-nan(ind)
-nan(ind)
-nan(ind)
-nan(ind)
-nan(ind)
-nan(ind)
-nan(ind)
-nan(ind)
-nan(ind)
-nan(ind)
-nan(ind)
-nan(ind)
-nan(ind)
-nan(ind)
-nan(ind)
-nan(ind)
-nan(ind)
-nan(ind)
-nan(ind)
-nan(ind)
-nan(ind)
-nan(ind)
-nan(ind)
-nan(ind)
-nan(ind)
-nan(ind)
-nan(ind)
-nan(ind)
-nan(ind)
-nan(ind)
-nan(ind)
-nan(ind)
-nan(ind)
-nan(ind)
-nan(ind)
-nan(ind)
-nan(ind)
-nan(ind)
-nan(ind)
-nan(ind)
-nan(ind)
-nan(ind)
-nan(ind)
-nan(ind)
-nan(ind)
-nan(ind)
-nan(ind)
-nan(ind)
-nan(ind)
-nan(ind)
-nan(ind)
-nan(ind)
-nan(ind)
-nan(ind)
-nan(ind)
-nan(ind)
-nan(ind)
-nan(ind)
-nan(ind)
-nan(ind)
-nan(ind)
-nan(ind)
-nan(ind)
-nan(ind)
-nan(ind)
-nan(ind)
-nan(ind)
-nan(ind)
-nan(ind)
-nan(ind)
-nan(ind)
-nan(ind)
-nan(ind)
-nan(ind)
-nan(ind)
-nan(ind)
-nan(ind)
-nan(ind)
-nan(ind)
-nan(ind)
-nan(ind)
-nan(ind)
-nan(ind)
-nan(ind)
-nan(ind)
-nan(ind)
-nan(ind)
-nan(ind)
-nan(ind)
-nan(ind)
-nan(ind)
-nan(ind)
-nan(ind)
-nan(ind)
-nan(ind)
-nan(ind)
-nan(ind)
-nan(ind)
-nan(ind)
-nan(ind)
-nan(ind)
-nan(ind)
-nan(ind)
-nan(ind)
-nan(ind)
-nan(ind)
-nan(ind)
-nan(ind)
-nan(ind)
-nan(ind)
-nan(ind)
-nan(ind)
-nan(ind)
-nan(ind)
-nan(ind)
-nan(ind)
-nan(ind)
-nan(ind)
-nan(ind)
-nan(ind)
-nan(ind)
-nan(ind)
-nan(ind)
-nan(ind)
-nan(ind)
-nan(ind)
-nan(ind)
-nan(ind)
-nan(ind)
-nan(ind)
-nan(ind)
-nan(ind)
-nan(ind)
-nan(ind)
-nan(ind)
-nan(ind)
-nan(ind)
-nan(ind)
-nan(ind)
-nan(ind)
-nan(ind)
-nan(ind)
-nan(ind)
-nan(ind)
-nan(ind)
-nan(ind)
-nan(ind)
-nan(ind)
-nan(ind)
-nan(ind)
-nan(ind)
-nan(ind)
-nan(ind)
-nan(ind)
-nan(ind)
-nan(ind)
-nan(ind)
-nan(ind)
-nan(ind)
-nan(ind)
-nan(ind)
-nan(ind)
-nan(ind)
-nan(ind)
-nan(ind)
-nan(ind)
-nan(ind)
-nan(ind)
-nan(ind)
-nan(ind)
-nan(ind)
-nan(ind)
-nan(ind)
-nan(ind)
-nan(ind)
-nan(ind)
-nan(ind)
-nan(ind)
-nan(ind)
-nan(ind)
-nan(ind)
-nan(ind)
-nan(ind)
-nan(ind)
-nan(ind)
-nan(ind)
-nan(ind)
-nan(ind)
-nan(ind)
-nan(ind)
-nan(ind)
-nan(ind)
-nan(ind)
-nan(ind)
-nan(ind)
-nan(ind)
-nan(ind)
-nan(ind)
-nan(ind)
-nan(ind)
-nan(ind)
-nan(ind)
-nan(ind)
-nan(ind)
-nan(ind)
-nan(ind)
-nan(ind)
-nan(ind)
-nan(ind)
-nan(ind)
-nan(ind)
-nan(ind)
-nan(ind)
-nan(ind)
-nan(ind)
-nan(ind)
-nan(ind)
-nan(ind)
-nan(ind)
-nan(ind)
-nan(ind)
-nan(ind)
-nan(ind)
-nan(ind)
-nan(ind)
-nan(ind)
-nan(ind)
-nan(ind)
-nan(ind)
-nan(ind)
-nan(ind)
-nan(ind)
-nan(ind)
-nan(ind)
-nan(ind)
-nan(ind)
-nan(ind)
-nan(ind)
-nan(ind)
-nan(ind)
-nan(ind)
-nan(ind)
-nan(ind)
-nan(ind)
-nan(ind)
-nan(ind)
-nan(ind)
-nan(ind)
-nan(ind)
-nan(ind)
-nan(ind)
-nan(ind)
-nan(ind)
-nan(ind)
-nan(ind)
-nan(ind)
-nan(ind)
-nan(ind)
-nan(ind)
-nan(ind)
-nan(ind)
-nan(ind)
-nan(ind)
-nan(ind)
-nan(ind)
-nan(ind)
-nan(ind)
-nan(ind)
-nan(ind)
-nan(ind)
-nan(ind)
-nan(ind)
-nan(ind)
-nan(ind)
-nan(ind)
-nan(ind)
-nan(ind)
-nan(ind)
-nan(ind)
-nan(ind)
-nan(ind)
-nan(ind)
-nan(ind)
-nan(ind)
-nan(ind)
-nan(ind)
-nan(ind)
-nan(ind)
-nan(ind)
-nan(ind)
-nan(ind)
-nan(ind)
-nan(ind)
-nan(ind)
-nan(ind)
-nan(ind)
-nan(ind)
-nan(ind)
-nan(ind)
-nan(ind)
-nan(ind)
-nan(ind)
-nan(ind)
-nan(ind)
-nan(ind)
-nan(ind)
-nan(ind)
-nan(ind)
-nan(ind)
-nan(ind)
-nan(ind)
-nan(ind)
-nan(ind)
-nan(ind)
-nan(ind)
-nan(ind)
-nan(ind)
-nan(ind)
-nan(ind)
-nan(ind)
-nan(ind)
-nan(ind)
-nan(ind)
-nan(ind)
-nan(ind)
-nan(ind)
-nan(ind)
-nan(ind)
-nan(ind)
-nan(ind)
-nan(ind)
-nan(ind)
-nan(ind)
-nan(ind)
-nan(ind)
-nan(ind)
-nan(ind)
-nan(ind)
-nan(ind)
-nan(ind)
-nan(ind)
-nan(ind)
-nan(ind)
-nan(ind)
-nan(ind)
-nan(ind)
-nan(ind)
-nan(ind)
-nan(ind)
-nan(ind)
-nan(ind)
-nan(ind)
-nan(ind)
-nan(ind)
-nan(ind)
-nan(ind)
-nan(ind)
-nan(ind)
-nan(ind)
-nan(ind)
-nan(ind)
-nan(ind)
-nan(ind)
-nan(ind)
-nan(ind)
-nan(ind)
-nan(ind)
-nan(ind)
-nan(ind)
-nan(ind)
-nan(ind)
-nan(ind)
-nan(ind)
-nan(ind)
-nan(ind)
-nan(ind)
-nan(ind)
-nan(ind)
-nan(ind)
-nan(ind)
-nan(ind)
-nan(ind)
-nan(ind)
-nan(ind)
-nan(ind)
-nan(ind)
-nan(ind)
-nan(ind)
-nan(ind)
-nan(ind)
-nan(ind)
-nan(ind)
-nan(ind)
-nan(ind)
-nan(ind)
-nan(ind)
-nan(ind)
-nan(ind)
-nan(ind)
-nan(ind)
-nan(ind)
-nan(ind)
-nan(ind)
-nan(ind)
-nan(ind)
-nan(ind)
-nan(ind)
-nan(ind)
-nan(ind)
-nan(ind)
-nan(ind)
-nan(ind)
-nan(ind)
-nan(ind)
-nan(ind)
-nan(ind)
-nan(ind)
-nan(ind)
-nan(ind)
-nan(ind)
-nan(ind)
-nan(ind)
-nan(ind)
-nan(ind)
-nan(ind)
-nan(ind)
-nan(ind)
-nan(ind)
-nan(ind)
-nan(ind)
-nan(ind)
-nan(ind)
-nan(ind)
-nan(ind)
-nan(ind)
-nan(ind)
-nan(ind)
-nan(ind)
-nan(ind)
-nan(ind)
-nan(ind)
-nan(ind)
-nan(ind)
-nan(ind)
-nan(ind)
-nan(ind)
-nan(ind)
-nan(ind)
-nan(ind)
-nan(ind)
-nan(ind)
-nan(ind)
-nan(ind)
-nan(ind)
-nan(ind)
-nan(ind)
-nan(ind)
-nan(ind)
-nan(ind)
-nan(ind)
-nan(ind)
-nan(ind)
-nan(ind)
-nan(ind)
-nan(ind)
-nan(ind)
-nan(ind)
-nan(ind)
-nan(ind)
-nan(ind)
-nan(ind)
-nan(ind)
-nan(ind)
-nan(ind)
-nan(ind)
-nan(ind)
-nan(ind)
-nan(ind)
-nan(ind)
-nan(ind)
-nan(ind)
-nan(ind)
-nan(ind)
-nan(ind)
-nan(ind)
-nan(ind)
-nan(ind)
-nan(ind)
-nan(ind)
-nan(ind)
-nan(ind)
-nan(ind)
-nan(ind)
-nan(ind)
-nan(ind)
-nan(ind)
-nan(ind)
-nan(ind)
-nan(ind)
-nan(ind)
-nan(ind)
-nan(ind)
-nan(ind)
-nan(ind)
-nan(ind)
-nan(ind)
-nan(ind)
-nan(ind)
-nan(ind)
-nan(ind)
-nan(ind)
-nan(ind)
-nan(ind)
-nan(ind)
-nan(ind)
-nan(ind)
-nan(ind)
-nan(ind)
-nan(ind)
-nan(ind)
-nan(ind)
-nan(ind)
-nan(ind)
-nan(ind)
-nan(ind)
-nan(ind)
-nan(ind)
-nan(ind)
-nan(ind)
-nan(ind)
-nan(ind)
-nan(ind)
-nan(ind)
-nan(ind)
-nan(ind)
-nan(ind)
-nan(ind)
-nan(ind)
-nan(ind)
-nan(ind)
-nan(ind)
-nan(ind)
-nan(ind)
-nan(ind)
-nan(ind)
-nan(ind)
-nan(ind)
-nan(ind)
-nan(ind)
-nan(ind)
-nan(ind)
-nan(ind)
-nan(ind)
-nan(ind)
-nan(ind)
-nan(ind)
-nan(ind)
-nan(ind)
-nan(ind)
-nan(ind)
-nan(ind)
-nan(ind)
-nan(ind)
-nan(ind)
-nan(ind)
-nan(ind)
-nan(ind)
-nan(ind)
-nan(ind)
-nan(ind)
-nan(ind)
-nan(ind)
-nan(ind)
-nan(ind)
-nan(ind)
-nan(ind)
-nan(ind)
-nan(ind)
-nan(ind)
-nan(ind)
-nan(ind)
-nan(ind)
-nan(ind)
-nan(ind)
-nan(ind)
-nan(ind)
-nan(ind)
-nan(ind)
-nan(ind)
-nan(ind)
-nan(ind)
-nan(ind)
-nan(ind)
-nan(ind)
-nan(ind)
-nan(ind)
-nan(ind)
-nan(ind)
-nan(ind)
-nan(ind)
-nan(ind)
-nan(ind)
-nan(ind)
-nan(ind)
-nan(ind)
-nan(ind)
-nan(ind)
-nan(ind)
